glebokosc 20%
62
78
62
78
62
78
62
78
62
62
78
62
62
62
78
62
62
78
62
62
62
78
62
62
78
62
78
62
78
62
62
62
62
78
62
62
78
62
62
78
62
78
62
78
62
62
62
78
62
78
glebokosc 50%
78
78
78
78
62
62
78
62
78
62
62
62
62
62
78
62
62
62
62
62
78
62
62
78
62
62
78
62
62
62
78
62
62
78
62
62
78
62
78
62
62
62
78
62
62
62
78
62
78
62
glebokosc 99%
62
78
62
78
62
78
62
62
78
62
62
78
62
62
78
62
62
62
62
78
62
62
62
62
78
62
62
78
62
78
62
78
62
78
70
69
78
62
62
78
62
78
78
78
62
62
93
62
78
62
125
125
132
129
127
133
143
125
125
130
126
140
130
129
132
126
125
130
126
133
129
130
135
132
137
134
136
126
133
134
