glebokosc 20%
156
171
156
171
156
156
156
156
171
140
156
171
156
156
156
171
156
156
156
171
156
140
156
156
171
140
156
171
171
171
156
171
171
156
171
140
156
171
140
171
171
140
171
156
156
171
156
156
156
156
glebokosc 50%
187
171
171
187
187
187
171
171
171
156
156
171
171
156
156
156
156
156
156
156
171
171
156
171
156
171
156
156
156
171
156
140
171
156
156
171
156
156
171
156
171
187
140
187
156
156
171
140
171
156
glebokosc 99%
187
171
171
203
187
171
156
171
156
171
156
156
156
171
156
156
156
171
156
156
171
156
171
171
156
156
156
156
156
156
156
171
140
171
156
171
171
156
156
171
156
171
140
156
156
156
156
156
156
156
