glebokosc 20%
218
203
203
218
203
218
218
218
218
187
203
218
218
203
203
218
203
203
218
218
218
203
187
203
203
203
234
203
218
234
218
218
203
203
234
234
187
218
187
218
218
203
218
187
203
218
203
218
203
203
glebokosc 50%
218
234
218
203
218
203
203
218
218
203
218
203
218
218
218
203
203
218
218
218
187
218
203
203
203
218
187
218
203
203
234
187
218
187
218
203
203
218
203
203
234
187
203
203
218
218
203
187
218
218
glebokosc 99%
234
218
265
234
234
218
187
218
203
218
203
203
218
203
218
218
203
218
203
203
218
203
249
203
234
203
203
218
203
218
203
203
203
218
218
203
218
218
218
203
218
203
203
203
218
203
203
203
203
218
