glebokosc 20%
312
296
296
296
328
281
296
312
281
312
296
296
312
296
312
296
281
296
281
296
328
296
296
296
296
312
296
312
281
281
312
281
296
281
281
312
296
281
281
296
281
296
296
281
296
312
296
328
281
296
glebokosc 50%
312
281
296
296
296
296
281
296
312
281
312
296
281
296
281
281
296
312
281
312
281
296
328
296
296
281
281
296
296
312
281
281
281
281
328
281
296
281
281
296
296
296
312
281
281
281
296
281
312
265
glebokosc 99%
281
281
296
343
281
281
312
281
328
281
296
296
296
296
281
296
296
296
296
281
312
296
296
312
281
296
281
296
312
296
281
312
312
281
296
296
296
296
296
296
296
296
296
281
296
312
296
296
281
312
