glebokosc 20%
171
140
156
156
156
156
156
156
156
156
156
140
140
171
140
156
140
156
156
156
156
140
156
156
140
140
156
156
140
140
156
156
140
156
140
156
171
156
156
156
156
156
156
140
156
156
140
156
140
140
glebokosc 50%
140
156
140
140
156
171
140
156
156
156
156
156
156
140
156
140
156
156
156
140
156
156
140
140
140
156
140
156
140
156
156
140
156
156
171
156
156
156
156
156
156
156
140
156
140
140
156
156
140
140
glebokosc 99%
156
156
156
171
140
156
140
156
140
156
156
171
156
156
156
156
156
140
156
156
140
156
171
156
156
124
171
156
140
156
140
156
140
140
140
156
156
156
156
140
156
156
140
156
140
156
171
140
156
140
