glebokosc 20%
281
281
296
281
281
265
249
281
296
281
265
265
281
265
296
265
296
312
265
281
281
281
281
281
312
265
312
249
281
265
281
281
296
281
281
281
296
265
296
296
281
265
296
249
265
281
281
265
265
281
glebokosc 50%
296
296
296
281
296
281
296
265
265
296
281
296
281
281
281
296
281
281
281
296
281
296
281
281
281
296
281
265
281
265
281
281
265
281
265
281
296
281
265
281
296
265
281
296
281
265
281
265
281
281
glebokosc 99%
281
281
296
296
281
281
281
281
296
281
281
265
296
296
281
265
281
281
281
265
265
281
281
281
281
281
281
296
281
281
281
281
281
265
281
265
296
281
265
281
265
296
281
265
281
312
265
281
281
265
