glebokosc 20%
218
249
218
218
234
218
234
218
218
218
218
218
218
265
234
218
218
218
218
234
234
218
234
203
218
234
218
234
203
218
218
234
218
234
218
218
218
234
218
218
218
234
218
234
218
218
249
203
234
203
glebokosc 50%
218
249
234
218
234
218
218
218
203
218
218
218
234
218
234
218
203
218
234
203
218
218
218
234
218
234
218
203
218
234
234
218
218
234
203
234
218
218
218
218
234
218
218
234
218
218
203
218
234
218
glebokosc 99%
234
249
218
249
234
234
203
218
234
218
218
234
234
218
218
218
218
234
234
234
218
234
234
218
234
218
218
218
218
234
265
265
250
218
234
249
249
249
203
234
218
203
218
218
218
203
218
234
203
234
