glebokosc 20%
62
62
62
62
62
62
62
62
62
62
62
62
78
62
62
62
62
62
62
62
62
62
62
62
62
62
62
62
62
62
62
62
62
62
62
62
62
62
62
62
78
46
62
62
62
62
62
62
62
62
glebokosc 50%
62
78
62
62
62
62
78
62
62
62
78
62
62
46
78
62
62
46
78
62
62
62
62
62
78
62
46
78
46
78
62
62
62
62
62
78
62
62
62
62
78
62
62
62
62
62
62
62
62
62
glebokosc 99%
62
62
62
62
62
78
46
62
62
78
62
62
62
62
62
62
62
62
78
46
62
62
62
62
62
62
62
62
62
62
62
78
62
78
62
78
62
62
78
62
62
62
62
62
62
62
78
62
62
62
125
125
132
129
127
133
143
125
125
130
126
140
130
129
132
126
125
130
126
133
129
130
135
132
137
134
136
126
133
134
