glebokosc 20%
109
109
109
109
109
109
93
109
93
93
109
93
109
93
93
109
93
93
93
109
93
109
109
109
93
109
109
93
109
93
109
93
109
93
93
109
109
93
109
93
109
93
93
93
109
93
93
109
93
93
glebokosc 50%
109
93
93
93
109
93
109
93
93
109
93
109
93
109
93
109
93
93
93
109
109
93
109
93
93
93
109
93
109
93
93
109
93
109
93
93
109
93
109
93
109
93
109
93
109
93
109
93
93
109
glebokosc 99%
109
109
124
109
93
93
109
109
93
109
93
109
93
109
93
109
93
109
109
93
109
93
109
93
109
109
93
93
109
109
109
93
109
93
109
109
93
93
109
93
93
109
93
109
93
93
109
93
93
93
2
219
224
222
282
274
264
228
215
209
303
280
328
325
228
234
