glebokosc 20%
109
121
97
109
124
109
124
109
109
109
125
124
93
109
109
109
124
109
109
93
109
109
109
109
109
93
109
93
113
109
93
109
109
109
109
109
109
93
109
124
124
109
109
109
124
125
109
109
109
109
glebokosc 50%
124
125
124
125
124
109
124
109
109
109
93
109
124
109
93
109
109
109
109
93
109
109
109
109
109
109
109
109
124
93
109
109
109
109
93
109
109
109
109
93
109
109
109
109
124
109
109
93
109
109
glebokosc 99%
109
93
109
109
109
109
124
93
109
109
109
93
124
109
93
124
109
109
109
109
109
93
109
109
109
109
109
109
93
109
124
109
109
124
109
109
109
93
109
124
109
93
124
93
109
109
109
109
93
124
80
328
325
228
234
